image_width: 1368
image_height: 1096
camera_name: narrow_stereo
camera_matrix:
  rows: 3
  cols: 3
  data: [1351.03293, 0.000000, 611.621068, 0.000000, 1361.50275, 569.319474, 0.000000, 0.000000, 1.000000]
distortion_model: plumb_bob
distortion_coefficients:
  rows: 1
  cols: 5
  data: [-0.1454428, 0.22506983, 0.00353645, -0.00618987, -0.05673468]
rectification_matrix:
  rows: 3
  cols: 3
  data: [1.000000, 0.000000, 0.000000, 0.000000, 1.000000, 0.000000, 0.000000, 0.000000, 1.000000]
projection_matrix:
  rows: 3
  cols: 4
  data: [4.62722387e+02,  -1.42100788e+03,  -8.53563678e+01, -8.47064132e+02, 4.57167576e+02,  -1.17801020e+01,  -1.41059690e+03, -9.51897491e+02, 9.91070422e-01,  -1.09415446e-01,  -7.62081253e-02, -9.41198803e-01]
