image_width: 1368
image_height: 1096
camera_name: narrow_stereo
camera_matrix:
  rows: 3
  cols: 3
  data: [1351.03293, 0.000000, 611.621068, 0.000000, 1361.50275, 569.319474, 0.000000, 0.000000, 1.000000]
distortion_model: plumb_bob
distortion_coefficients:
  rows: 1
  cols: 5
  data: [-0.1454428, 0.22506983, 0.00353645, -0.00618987, -0.05673468]
rectification_matrix:
  rows: 3
  cols: 3
  data: [1.000000, 0.000000, 0.000000, 0.000000, 1.000000, 0.000000, 0.000000, 0.000000, 1.000000]
projection_matrix:
  rows: 3
  cols: 4
  data: [624.391472,  -1359.99543,  -34.7686166, -819.237942,
         520.528719,   18.0894950,  -1388.39735, -1175.06179,
         .999547105,   .003336243,  -.002990450, -1.34871639]
