image_width: 1368
image_height: 1096
camera_name: narrow_stereo
camera_matrix:
  rows: 3
  cols: 3
  data: [1351.03293, 0.000000, 611.621068, 0.000000, 1361.50275, 569.319474, 0.000000, 0.000000, 1.000000]
distortion_model: plumb_bob
distortion_coefficients:
  rows: 1
  cols: 5
  data: [-0.1454428, 0.22506983, 0.00353645, -0.00618987, -0.05673468]
rectification_matrix:
  rows: 3
  cols: 3
  data: [1.000000, 0.000000, 0.000000, 0.000000, 1.000000, 0.000000, 0.000000, 0.000000, 1.000000]
projection_matrix:
  rows: 3
  cols: 4
  data: [6.22683238e+02,  -1.36093607e+03,  -2.79236972e+01, -7.43021551e+02, 5.23490385e+02,   1.17742119e+01,  -1.38735135e+03, -1.20545539e+03, 9.99611725e-01,   1.94139055e-03,  -2.77962374e-02, -1.29804894e+00]
